1000 1000
642 1 28
676 2 605
378 3 267
202 4 166
976 5 305
796 6 167
883 7 683
360 8 479
335 9 805
939 10 404
328 11 390
288 12 83
954 13 819
688 14 413
604 15 393
767 16 284
649 17 300
987 18 644
435 19 558
815 20 178
262 21 904
403 22 326
686 23 718
1000 24 484
885 25 983
778 26 290
597 27 491
571 28 527
716 29 662
199 30 769
897 31 471
301 32 536
921 33 678
723 34 274
626 35 949
722 36 119
894 37 346
214 38 321
141 39 160
920 40 998
47 41 564
252 42 624
684 43 118
310 44 854
717 45 202
218 46 996
371 47 69
257 48 373
383 49 397
497 50 779
218 51 531
437 52 639
293 53 853
413 54 708
757 55 873
741 56 754
307 57 700
786 58 153
591 59 633
827 60 165
657 61 212
987 62 140
786 63 32
427 64 983
437 65 847
127 66 140
532 67 352
693 68 500
437 69 930
84 70 112
702 71 809
586 72 769
183 73 400
872 74 430
589 75 763
405 76 184
941 77 294
939 78 12
505 79 117
766 80 163
736 81 847
257 82 63
907 83 686
2 84 908
814 85 490
935 86 887
429 87 166
115 88 723
904 89 226
125 90 32
268 91 930
57 92 375
548 93 930
701 94 74
397 95 965
878 96 628
299 97 522
301 98 250
901 99 456
71 100 689
403 101 69
534 102 624
813 103 765
433 104 996
474 105 597
769 106 139
388 107 681
996 108 401
392 109 883
744 110 997
38 111 305
689 112 798
821 113 596
149 114 414
51 115 218
992 116 960
825 117 333
783 118 385
523 119 50
425 120 865
684 121 823
589 122 917
345 123 926
136 124 497
218 125 410
706 126 267
193 127 504
933 128 708
57 129 92
808 130 652
749 131 219
257 132 682
596 133 301
641 134 289
138 135 380
2 136 567
474 137 423
786 138 282
657 139 10
37 140 297
821 141 963
123 142 771
435 143 121
171 144 14
877 145 739
732 146 165
15 147 647
182 148 138
642 149 650
282 150 203
307 151 197
172 152 554
899 153 96
534 154 94
812 155 456
300 156 837
978 157 454
609 158 520
141 159 14
609 160 650
116 161 356
899 162 384
549 163 457
207 164 410
526 165 729
119 166 845
82 167 10
131 168 483
8 169 782
108 170 698
950 171 423
57 172 174
733 173 27
272 174 673
61 175 868
210 176 876
295 177 949
437 178 337
540 179 561
82 180 376
2 181 820
607 182 339
616 183 170
17 184 614
252 185 694
939 186 862
158 187 353
414 188 355
543 189 17
593 190 664
456 191 935
539 192 734
125 193 646
580 194 27
627 195 257
157 196 24
587 197 165
980 198 935
2 199 360
704 200 297
563 201 375
811 202 161
854 203 332
179 204 902
951 205 277
766 206 365
2 207 79
453 208 213
115 209 760
618 210 925
37 211 924
534 212 659
736 213 257
270 214 550
143 215 936
172 216 731
562 217 341
437 218 476
26 219 511
487 220 886
694 221 292
351 222 328
307 223 753
812 224 55
43 225 578
898 226 439
329 227 198
478 228 619
825 229 762
782 230 39
696 231 382
987 232 851
250 233 151
680 234 558
216 235 164
326 236 379
422 237 516
23 238 20
590 239 317
526 240 537
578 241 535
510 242 334
560 243 499
446 244 701
376 245 627
394 246 579
625 247 845
330 248 97
910 249 54
801 250 220
99 251 603
208 252 688
232 253 560
802 254 537
946 255 254
171 256 493
280 257 812
427 258 280
690 259 513
896 260 575
736 261 717
93 262 407
665 263 304
140 264 514
33 265 61
514 266 937
778 267 1000
822 268 233
559 269 611
426 270 469
641 271 454
767 272 230
888 273 71
218 274 232
280 275 71
676 276 681
649 277 939
334 278 963
805 279 801
947 280 159
582 281 742
595 282 216
962 283 699
53 284 743
580 285 943
498 286 893
218 287 271
681 288 638
84 289 624
880 290 580
123 291 775
825 292 591
476 293 368
2 294 221
941 295 772
978 296 544
207 297 497
380 298 174
1000 299 957
457 300 155
902 301 381
559 302 169
789 303 515
320 304 223
462 305 757
274 306 32
680 307 209
743 308 764
115 309 191
730 310 609
902 311 437
645 312 58
16 313 819
809 314 490
563 315 285
893 316 894
584 317 304
658 318 447
839 319 951
669 320 695
459 321 585
294 322 642
910 323 744
472 324 422
885 325 42
791 326 65
744 327 260
466 328 313
693 329 268
221 330 232
808 331 796
193 332 532
127 333 39
868 334 588
466 335 940
580 336 317
223 337 738
193 338 148
363 339 849
363 340 698
280 341 172
474 342 673
37 343 957
84 344 626
268 345 590
316 346 653
128 347 547
685 348 533
285 349 648
20 350 128
218 351 577
515 352 323
26 353 256
985 354 794
746 355 301
66 356 396
239 357 686
989 358 584
34 359 403
595 360 382
205 361 473
211 362 769
252 363 909
968 364 266
462 365 940
289 366 369
491 367 186
411 368 530
336 369 226
706 370 60
597 371 141
199 372 876
263 373 415
266 374 687
367 375 393
440 376 874
256 377 140
205 378 762
83 379 410
228 380 37
99 381 12
316 382 629
15 383 978
807 384 599
328 385 445
985 386 867
257 387 659
95 388 851
859 389 394
876 390 84
130 391 400
449 392 135
923 393 795
645 394 465
429 395 780
242 396 748
270 397 835
131 398 245
969 399 634
329 400 60
426 401 82
562 402 812
680 403 820
425 404 762
894 405 964
996 406 828
207 407 838
300 408 112
510 409 659
699 410 303
5 411 475
580 412 896
497 413 277
15 414 137
237 415 88
319 416 463
23 417 997
281 418 127
275 419 923
43 420 886
396 421 48
141 422 941
57 423 144
354 424 530
46 425 458
307 426 12
526 427 50
897 428 218
112 429 411
158 430 568
272 431 188
552 432 837
704 433 714
868 434 218
834 435 462
515 436 71
910 437 948
466 438 264
179 439 100
910 440 82
700 441 607
661 442 435
365 443 278
113 444 829
511 445 971
363 446 226
888 447 381
677 448 377
202 449 342
419 450 899
901 451 738
435 452 611
307 453 148
223 454 316
191 455 61
901 456 282
766 457 553
217 458 351
534 459 669
85 460 871
883 461 131
515 462 878
344 463 905
551 464 506
822 465 78
510 466 961
676 467 802
218 468 150
717 469 829
996 470 875
90 471 218
896 472 204
183 473 921
228 474 127
440 475 924
138 476 137
145 477 370
307 478 462
237 479 955
352 480 338
86 481 262
711 482 688
519 483 210
139 484 598
946 485 790
770 486 411
744 487 375
787 488 536
900 489 40
575 490 433
422 491 592
700 492 288
770 493 766
743 494 626
657 495 581
456 496 239
16 497 843
139 498 907
669 499 270
734 500 731
355 501 956
475 502 524
425 503 265
941 504 734
307 505 82
453 506 937
662 507 81
860 508 58
793 509 928
307 510 272
685 511 811
342 512 18
235 513 168
767 514 200
467 515 550
53 516 70
201 517 165
814 518 207
191 519 280
866 520 819
349 521 544
380 522 694
35 523 816
499 524 860
513 525 368
167 526 502
294 527 898
94 528 694
656 529 430
245 530 238
214 531 959
121 532 173
889 533 188
964 534 939
745 535 176
978 536 139
612 537 51
349 538 787
797 539 595
969 540 965
590 541 32
812 542 548
927 543 926
375 544 328
926 545 412
502 546 263
622 547 944
186 548 819
43 549 846
526 550 474
810 551 369
350 552 380
754 553 985
370 554 320
10 555 127
12 556 827
744 557 697
492 558 108
59 559 633
989 560 651
874 561 906
580 562 619
478 563 434
411 564 126
575 565 666
341 566 950
351 567 945
508 568 194
718 569 92
458 570 432
35 571 798
900 572 890
385 573 829
217 574 655
216 575 703
704 576 299
765 577 309
673 578 733
879 579 78
437 580 56
597 581 963
746 582 520
510 583 439
866 584 441
919 585 25
640 586 190
618 587 555
139 588 391
910 589 216
138 590 17
22 591 816
584 592 25
769 593 492
27 594 905
666 595 314
99 596 928
125 597 133
545 598 937
684 599 400
593 600 962
661 601 315
808 602 774
791 603 815
257 604 949
788 605 96
430 606 46
402 607 634
839 608 741
46 609 66
730 610 220
75 611 784
208 612 328
689 613 279
946 614 48
248 615 690
152 616 966
854 617 921
199 618 873
576 619 887
717 620 732
491 621 123
478 622 491
927 623 769
131 624 181
665 625 388
751 626 365
1000 627 474
329 628 924
309 629 31
914 630 941
663 631 419
690 632 168
877 633 975
825 634 144
834 635 393
794 636 533
217 637 176
130 638 617
303 639 981
78 640 36
294 641 931
220 642 403
16 643 631
456 644 422
686 645 576
396 646 174
580 647 325
698 648 430
309 649 646
388 650 623
66 651 512
557 652 229
258 653 461
743 654 372
433 655 250
474 656 801
597 657 503
946 658 980
18 659 483
287 660 502
440 661 62
166 662 417
217 663 854
172 664 67
767 665 461
309 666 886
800 667 17
487 668 69
193 669 985
979 670 541
634 671 772
248 672 235
911 673 724
434 674 387
936 675 530
725 677 775
327 678 493
554 679 547
218 680 152
183 681 649
985 682 214
135 683 529
437 684 781
409 685 200
172 686 975
974 687 855
898 688 330
296 689 631
752 690 584
280 691 221
230 692 734
51 693 450
510 694 753
859 695 514
532 696 366
560 697 880
2 698 888
1 699 575
457 700 219
789 701 878
75 702 830
985 703 908
10 704 602
436 705 472
793 706 185
610 707 983
702 708 285
118 709 797
476 710 571
121 711 349
680 712 320
859 713 204
898 714 953
850 715 257
829 716 765
159 717 944
43 718 986
16 719 936
731 720 228
234 721 968
529 722 304
403 723 323
318 724 977
74 725 921
689 726 567
581 727 94
45 728 205
337 729 771
390 730 559
952 731 739
473 732 669
100 733 985
425 734 388
217 735 212
221 736 807
730 737 589
509 738 651
142 739 475
549 740 398
951 741 14
487 742 223
718 743 90
426 744 581
202 745 850
566 746 442
901 747 130
468 748 419
793 749 20
279 750 85
2 751 322
580 752 564
401 753 253
944 754 631
907 755 137
60 756 991
786 757 676
280 758 504
878 759 291
767 760 892
766 761 237
981 762 951
937 763 860
354 764 993
644 765 817
641 766 409
947 767 218
257 768 76
718 769 469
449 770 401
125 771 409
910 772 583
20 773 42
681 774 302
839 775 371
951 776 238
403 777 80
616 778 265
301 779 458
969 780 756
569 781 843
873 782 173
126 783 126
43 784 266
430 785 826
827 786 262
216 787 110
519 788 858
850 789 185
776 790 846
939 791 191
933 792 871
294 793 296
71 794 639
59 795 801
515 796 763
179 797 980
287 798 614
1 799 291
224 800 106
134 801 24
288 802 688
78 803 185
548 804 848
3 805 476
628 806 107
299 807 908
549 808 746
397 809 259
195 810 195
183 811 978
270 812 604
939 813 980
718 814 792
127 815 965
947 816 729
916 817 355
301 818 999
879 819 878
872 820 581
760 821 509
426 822 179
402 823 222
51 824 393
827 825 948
248 826 64
680 827 703
884 828 418
580 829 326
307 830 153
902 831 269
203 832 504
822 833 105
440 834 84
207 835 611
921 836 391
522 837 915
179 838 122
767 839 52
905 840 84
742 841 314
874 842 190
79 843 598
155 844 630
363 845 881
749 846 376
176 847 414
239 848 490
26 849 249
409 850 769
759 851 24
546 852 976
178 853 66
954 854 764
673 855 273
689 856 937
437 857 611
902 858 603
771 859 632
294 860 590
35 861 253
604 862 382
91 863 577
474 864 696
548 865 571
101 866 259
331 867 692
947 868 253
584 869 113
138 870 174
349 871 14
641 872 981
90 873 771
138 874 18
893 875 865
706 876 680
127 877 311
478 878 263
336 879 179
226 880 90
873 881 889
934 882 869
270 883 527
523 884 973
257 885 581
693 886 475
124 887 23
217 888 435
83 889 364
969 890 227
171 891 747
427 892 65
927 893 192
462 894 184
684 895 236
478 896 10
769 897 659
60 898 775
783 899 711
446 900 617
57 901 229
280 902 23
178 903 127
42 904 949
98 905 639
229 906 451
593 907 22
786 908 780
297 909 63
676 910 817
641 911 923
844 912 115
16 913 538
50 914 838
767 915 604
626 916 366
866 917 271
207 918 878
534 919 568
658 920 714
941 921 333
307 922 475
155 923 581
828 924 731
891 925 127
634 926 905
947 927 24
310 928 291
462 929 115
816 930 215
278 931 224
919 932 434
51 933 641
497 934 626
911 935 807
913 936 241
21 937 243
742 938 590
933 939 440
893 940 296
718 941 116
68 942 45
368 943 631
821 944 836
2 945 447
125 946 66
910 947 205
474 948 685
467 949 472
821 950 920
491 951 177
2 952 854
589 953 786
147 954 142
614 955 389
870 956 888
830 957 147
997 958 634
77 959 925
619 960 42
152 961 96
191 962 998
933 963 752
462 964 559
148 965 328
589 966 736
917 967 288
917 968 559
167 969 356
649 970 201
625 971 975
327 972 243
222 973 320
811 974 103
529 975 46
376 976 379
526 977 231
915 978 673
767 979 754
228 980 257
985 981 468
482 982 995
540 983 303
102 984 740
893 985 835
918 986 930
812 987 91
252 988 109
642 989 933
898 990 49
981 991 76
515 992 858
550 993 632
902 994 291
320 995 859
946 996 406
514 997 490
545 998 514
43 999 20
216 1000 981
772 824 345
